 1.000  0.619  0.901  0.175 -0.159 -0.066  0.006 -0.040 -0.094  0.079 -0.004 -0.044 -0.027  0.030  0.000  0.009  0.020
 0.619  1.000  0.723  0.144 -0.167 -0.045 -0.014 -0.014 -0.075  0.065 -0.005 -0.041 -0.019  0.101  0.000  0.011  0.010
 0.901  0.723  1.000  0.179 -0.148 -0.055 -0.022 -0.035 -0.078  0.102 -0.007 -0.035 -0.022  0.103  0.000  0.012  0.015
 0.175  0.144  0.179  1.000 -0.163 -0.041 -0.000 -0.001  0.102  0.056  0.037  0.142  0.222  0.215  0.000  0.063  0.008
-0.159 -0.167 -0.148 -0.163  1.000  0.005 -0.014 -0.010 -0.019 -0.040 -0.001 -0.026  0.013 -0.212  0.000  0.008 -0.010
-0.066 -0.045 -0.055 -0.041  0.005  1.000  0.103  0.171 -0.009 -0.125 -0.017 -0.013 -0.010 -0.121  0.000 -0.012 -0.003
 0.006 -0.014 -0.022 -0.000 -0.014  0.103  1.000  0.399 -0.031 -0.057 -0.004 -0.020 -0.012 -0.111  0.000 -0.019  0.025
-0.040 -0.014 -0.035 -0.001 -0.010  0.171  0.399  1.000 -0.013 -0.045 -0.003 -0.013 -0.007 -0.059  0.000 -0.012  0.009
-0.094 -0.075 -0.078  0.102 -0.019 -0.009 -0.031 -0.013  1.000  0.067  0.064  0.792 -0.075  0.120  0.000  0.041 -0.006
 0.079  0.065  0.102  0.056 -0.040 -0.125 -0.057 -0.045  0.067  1.000  0.023  0.052  0.006  0.310  0.000  0.035  0.014
-0.004 -0.005 -0.007  0.037 -0.001 -0.017 -0.004 -0.003  0.064  0.023  1.000  0.047 -0.014  0.052  0.000  0.489  0.001
-0.044 -0.041 -0.035  0.142 -0.026 -0.013 -0.020 -0.013  0.792  0.052  0.047  1.000 -0.073  0.107  0.000  0.016 -0.002
-0.027 -0.019 -0.022  0.222  0.013 -0.010 -0.012 -0.007 -0.075  0.006 -0.014 -0.073  1.000  0.053  0.000 -0.015 -0.001
 0.030  0.101  0.103  0.215 -0.212 -0.121 -0.111 -0.059  0.120  0.310  0.052  0.107  0.053  1.000  0.000  0.085  0.002
 0.000  0.000  0.000  0.000  0.000  0.000  0.000  0.000  0.000  0.000  0.000  0.000  0.000  0.000  1.000  0.000  0.000
 0.009  0.011  0.012  0.063  0.008 -0.012 -0.019 -0.012  0.041  0.035  0.489  0.016 -0.015  0.085  0.000  1.000  0.000
 0.020  0.010  0.015  0.008 -0.010 -0.003  0.025  0.009 -0.006  0.014  0.001 -0.002 -0.001  0.002  0.000  0.000  1.000